0.0
0.0
0.0
190.47597
518.14624
-2663.3813
190.47597
518.14624
-2663.3813
190.47597
518.14624
-2663.3813
177.04402
498.8426
-3101.142
175.43352
490.5293
-3250.1223
175.43352
490.5293
-3250.1223
198.20021
517.87384
-2531.3733
198.20021
517.87384
-2531.3733
0.0
0.0
0.0
0.0
0.0
0.0
0.0
0.0
0.0
0.0
0.0
0.0
0.0
0.0
0.0
303.32462
410.34467
-1420.5529
303.32462
410.34467
-1420.5529
0.0
0.0
0.0
375.05658
445.21573
-1187.9158
375.05658
445.21573
-1187.9158
410.34512
402.22623
-1381.9792
429.56015
379.24054
-1581.0437
429.56015
379.24054
-1581.0437
455.92117
333.38892
-2518.1711
465.7421
290.6
-1971.4451
465.7421
290.6
-1971.4451
0.0
0.0
0.0
0.0
0.0
0.0
0.0
0.0
0.0
0.0
0.0
0.0
0.0
0.0
0.0
0.0
0.0
0.0
0.0
0.0
0.0
0.0
0.0
0.0
0.0
0.0
0.0
0.0
0.0
0.0
0.0
0.0
0.0
0.0
0.0
0.0
0.0
0.0
0.0
0.0
0.0
0.0
0.0
0.0
0.0
0.0
0.0
0.0
0.0
0.0
0.0
0.0
0.0
0.0
0.0
0.0
0.0
0.0
0.0
0.0
0.0
0.0
0.0
0.0
0.0
0.0
0.0
0.0
0.0
0.0
0.0
0.0
0.0
0.0
0.0
190.87119
218.88428
-140.73557
198.72069
263.35345
107.08985
211.08072
321.12152
-1648.7548
211.08072
321.12152
-1648.7548
0.0
0.0
0.0
0.0
0.0
0.0
340.3698
462.82843
-1684.7567
0.0
0.0
0.0
0.0
0.0
0.0
0.0
0.0
0.0
0.0
0.0
0.0
0.0
0.0
0.0
0.0
0.0
0.0
0.0
0.0
0.0
